0.23763796370499993
0.5803236358666664
0.37333621626666663
0.34516238031833324
0.3011294125003333
0.06495446621
0.3065187529599999
0.67855154411
0.30766024932833336
0.7021731876916671
0.5449318992449996
0.3052747631349999
0.48345040636000014
0.18480890895500013
0.30132624515
0.10115715846500001
0.2684954418766666
0.31202254418250003
0.2768036016600001
0.12414415370000002
0.7433669211449998
0.30191453046
0.4018133249823333
0.2461671708399999
0.31561036043083335
0.3314440075100002
0.3102308953008334
0.22844978700833335
0.40107479507750005
0.36069026830952383
0.06723950684999988
0.40241530094916683
0.24289599334500014
0.4907694381566672
0.78683365979
0.23673818359666657
0.27862991613000004
0.5676882784193332
0.21770809922
0.38521779482333335
0.27568414438666655
0.04470457681
0.3438737130399999
0.45158088726
0.3069518051057143
0.4872125303810004
0.8160162873950001
0.19443859572999997
0.3344571346800001
0.166351338656
0.22558541937333326
0.2752985810375
0.31166047052
0.28894820639000035
0.33198313483999997
0.7572603963100002
0.5182098857633334
0.32970624082000005
0.5872242619075001
0.611712422285
0.2792555998199999
0.5493261541300003
0.5230349764253337
0.3891299537999998
0.4317481282983332
0.3112138524150001
0.4564013599466667
0.4830857288283293
0.351232409415
0.2590490239215
0.3673409800666667
0.28437715725333323
0.38435741548099983
0.37175865060166685
0.4574230286499999
0.21437003679499994
0.5165203609899998
0.8058610259050001
0.34143350322999977
0.14179314087000003
0.4123484396300001
0.3405654281533337
0.5015009364050003
0.32510134484000014
0.6382999141210004
0.27423983293833337
0.3119331605033333
0.48990520845999996
0.28538699134
0.8002804184566666
0.10171828523500002
0.4380349905766667
0.49383131912000006
0.2551704215433333
0.35687191809916685
0.4814344772599999
0.3447226470941666
0.522098486505
0.5085405921500001
0.28873486282500016
0.4846806422650002
0.28893698181
0.1443070241999999
0.14450665487
0.2952787619286667
0.3599737406600002
0.3384178908466665
0.0677096225
0.28611942860999995
0.2637545142900002
0.30852194837999974
0.3627589688899999
0.48217861295333336
0.2974008147200002
0.30471636809833336
0.6230443845600004
0.4268441751800001
0.25310332948666675
0.7420518651699998
0.290287741555
0.09631217578
0.3801595620457143
0.15065588647
0.3419020575099999
0.3595402168400001
0.46606385571999986
0.34132689789000004
0.16416777351499998
0.2182148199366667
0.25431321055333334
0.44216611315883336
0.3405106932616666
0.6251413859100005
0.41022368448
0.22273980566000012
0.16318488593499997
0.52083669063
0.41057185285000003
0.40250724941000016
0.41677280122000004
0.4257017230033331
0.3696389078113333
0.6512387974850005
0.5287341910150003
0.31443306915999986
0.295929330403
0.16798268298499994
0.40751807123333356
0.29112424125999997
0.4091078177195237
0.5349211093600003
0.5348134993999999
0.4632733964099998
0.48049776742399997
0.7088202469766665
0.37266023275000004
0.26226652306
0.20423214976999998
0.4943137023399995
0.3714766948166669
0.34071851217599997
0.35607787792999973
0.46643449810400023
0.19658222557
0.2943398864100001
0.4858645896933335
0.5083531432900003
0.17532469789
0.5753703388800006
0.2980739162933333
0.11567856843333332
0.25725461465999994
0.7054191508000003
0.35892491067666676
0.8389983669850003
0.7405129673066668
0.7102545619799998
0.4380237529433332
0.13286423317499998
0.33465698822952383
0.5406495504843337
0.7711160213246664
0.26646397392
0.045299179149999994
0.2459817421400001
0.3590568378850001
0.1565456500133334
0.39880787973
0.45071057805583353
0.11395550432999997
0.4471603257200001
0.5023606817010002
0.38227141618999994
0.19794606168999995
0.43767530524333337
0.13920602508000005
0.36015791931
0.8858821738700006
0.2606088523399999
0.39864394973999995
0.2659128945100003
0.381216674685
0.30706186824333337
0.31173157200000007
0.297236770435
0.39618941908999994
0.18382242833083334
0.22650618119533344
0.5549720178361907
0.28234386728
0.47760303097000006
0.3690969428699999
0.2552047803300001
0.5023949884090001
0.4501257804425
0.19794155253333337
0.2211617242633334
0.5535472051920002
0.5296981075500002
0.3222526351925003
0.6191694421
0.5498361102700001
0.19501001028999998
0.11873501375666644
0.40384977530666655
0.564921182169167
0.32821850364000016
0.775378689705
0.3363454884799998
0.28847340768750007
0.4168469552350001
0.28126940584500004
0.36345369662000004
0.6669340467850001
0.47996144280666675
0.301147893037619
0.38625855370000006
0.79965643358
0.08465553433999999
0.23163959299000011
0.31034857649
0.10548856755249997
0.5176577848400005
0.7064117526100004
0.40084524937
0.7180455181833332
0.31632869737333325
0.3796838713500001
0.4711029818100001
0.5025660222500001
0.5593622221699999
0.4939723523600002
0.19412223806
0.4961432293533335
0.23848503886333336
0.7364639820800001
0.4198645831333335
0.3945735016633333
0.21947526821000016
0.5098212213120005
0.35499542684999985
0.4846178153151665
0.13891706822000002
0.45765159891166624
0.1612730329
0.3035854083100001
0.6951005600600005
0.25912449870199994
0.3442504241816669
0.4091489156150006
0.2701931519499999
0.2585938132933336
0.074260114161
0.17404734343999995
0.6598828224752379
0.1661079058899998
0.38482442822500007
0.3315404303266666
0.27522536171333334
0.3512815679166668
0.20869091552
0.25861833508750004
0.70380494072
0.27169839268999996
0.6817030928999998
0.32130545937333316
0.30748820579
0.2711332661966665
0.5494511935709998
0.3109155858533333
0.2998244750550001
0.18977262572500006
0.5110353098266668
0.2776449604170001
0.5367546170699999
0.26418788915866664
0.3444287616099999
0.17455080548728566
0.03665604319
0.33730586446
0.24380284608999997
0.291568871785
0.3169915564816667
0.34577792195000007
0.38998218661
0.24018631532999998
0.6000886332898335
0.7021342586359995
0.24391068072000002
0.19155533225000002
0.4946553029099997
0.5016368647166667
0.2957273065033334
0.350348392199
0.10310328305333336
0.5579350424499997
0.4782793397708339
0.44737298673999987
0.27194021630750004
0.5246140847348336
0.3883915702799999
0.33401767244999986
0.3158769991099999
0.3880233533699999
0.5583067765099998
0.14755686348000005
0.09617256599999999
0.3447226470941666
0.5010423727499999
0.7404972064166668
0.29855786272000023
0.5275436292299998
0.3707294331800001
0.31238998708000004
0.2830381937900001
0.06034686047000001
0.25210661332999995
0.5923632081649997
0.3799637582541668
0.42305684291583345
0.396025141935
0.5376493513990002
0.3696915378950002
0.8663934843133329
0.20922814496750003
0.5334456395733336
0.15266133628999992
0.4062889734066668
0.37395000896250025
0.5529432805650003
0.4712517115416667
0.2739077708599999
0.39128264998499984
0.5421601534100002
0.17528093626999997
0.3061471069266666
0.35574132402999986
0.6019407943288335
0.23729346740166662
0.46074193723000006
0.5323578486386666
0.5828290235649999
0.34407201247
0.28905287994499995
0.2502127724416666
0.4423372412600001
0.5201966599866669
0.25560218352999997
0.3318210542216668
0.5049840057250004
0.3260546145849999
0.23943694105499996
0.2701457366866667
0.39997111938333335
0.36639569129
0.5636683900599999
0.22337033342500007
0.8124826816100003
0.04390587982500001
0.5289119693400002
0.3152129373333333
0.3255016203400001
0.8460000396966667
0.44557923907999986
0.4788373633379998
0.7556450038599999
0.4052566656975
0.212992189786
0.6660972550699998
0.028132524500000002
0.71275822416
0.40534304175000024
0.47945735945
0.4282541370266669
0.5812646467600004
0.35778233944000015
0.2532332130300001
0.11684069878666666
0.2687072394700002
0.3466858547300001
0.4105998987699998
0.27236983891500005
0.16264625736000007
0.4080447556491667
0.3737554409600001
0.2996825295100002
0.7231491934800002
0.4104625350775
0.7081702279433331
0.2771152388749999
0.5176121223666666
0.4698355987626669
0.33710712154000005
0.13957572063
0.16266516537766665
0.6237460188766668
0.5643482492999998
0.33767216433833325
0.7287060393300002
0.2681480102499998
0.6403029881950003
0.5002525759600001
0.34737899141999995
0.17201172574999993
0.25412884493999993
0.5610837862786674
0.13056405998599996
0.43149860040702365
0.30346907137833334
0.12377167327500002
0.4259178820266669
0.39302773894699994
0.2598031315216668
0.23701615504749995
0.3317778641183334
0.5093655436650002
0.2990381509033333
0.1898076611233334
0.32573881501000007
0.48495163560166665
0.08273628712
0.2796785154899999
0.38776873142000007
0.4710476314133335
0.2682584484406666
0.31092194874633333
0.35968565658019047
0.4449827011599999
0.38936689318133333
0.33992799518000005
0.3991410737699998
0.2903585665039999
0.30143418124000015
0.13932920733999998
0.14557716156
0.4244304805466666
0.40528107494500015
0.4928238260069998
0.43015764799
0.08272063681999998
0.07247004202999999
0.4237112455699999
0.35193843857416673
0.5129228015066668
0.3148540769099999
0.4853310545523335
0.14957281803000003
0.09675604478333331
0.3161774086866668
0.7578272582933336
0.10258494546250001
0.6751597382899998
0.43354706285500005
0.28226170842333326
0.15722484126500003
0.35939280653250016
0.30453022825333365
0.48852449360333344
0.4401090085550001
0.32837451187
0.6296734781400005
0.5751974210393334
0.24486753336000014
0.4557978090099998
0.6195054247508335
0.4741782519033334
0.38226455157999994
0.3602769356333333
0.448815162103333
0.29238137605000003
0.21234875364333333
0.47634976156666653
0.6997485130000004
0.4342753965566666
0.057457937479999985
0.16314504468
0.6635778437300002
0.35938325862333337
0.49752591799
0.7014856174566666
0.48146748555500024
0.3369514949050001
0.2586800884926667
0.31640310593333326
0.05628162484999999
0.27298461742499996
0.13142940183000001
0.15248431961999998
0.37521680980499994
0.5181621893933334
0.33392434588499986
0.27333439320499986
0.30856397926500007
0.4394817568566667
0.7428407515316665
0.3868813501733333
0.4830857288283293
0.46981213654666676
0.39175326680999994
0.4298479416450003
0.74937197123
0.38131963797250007
0.34276405621666695
0.4981972615700002
0.11770011417000001
0.4524982724999998
0.2782587726599999
0.22879807355666668
0.33962403522500006
0.3558683358239999
0.2809226389726667
0.2722612799033334
0.6191229395816663
0.4229403137566666
0.2985227495449999
0.20042702540000001
0.7279572821146665
0.5228171139400001
0.2895551516099999
0.16059924742750006
0.36711489066999997
0.35976675226
0.37100631287999997
0.370987243685
0.24646077245333328
0.18657813415250002
0.3054366481850001
0.5307928380970002
0.20431103164599995
0.5133262658166667
0.31466020369500003
0.5118903061550001
0.28478613134
0.42318099413333327
0.2355591832566667
0.4864231416916667
0.16525984713000003
0.3793317001000001
0.39128522766666685
0.1977648168949999
0.6221504333599998
0.497249418415
0.49421474307999985
0.24458294259666646
0.23952594183500003
0.3715854391949998
0.3314525911299998
0.6980592170580002
0.6514020241500001
0.05489006885000001
0.5185859270300002
0.4640902362711666
0.22382741702999995
0.30151211942999984
0.2415824592099999
0.5642477640920002
0.7352532871399997
0.5000221588666667
0.4094757987433335
0.37034589947333346
0.28701876406200005
0.27940524738999994
0.44529721021999996
0.3801173504600003
0.5867863811200001
0.6199299097299997
0.48253999452000024
0.24010284480333333
0.22510036138500006
0.3985329613791668
0.53782672722
0.01930255977
0.6043462469253336
0.18977262572500006
0.5325153045200001
0.2634352860199998
0.3949545865400003
0.09125135982
0.3501900091300001
0.14798157025999997
0.21497830972999998
0.7099750803400005
0.2613639443383333
0.46850667427199993
0.47131660021566696
0.27367311459500004
0.33275684661
0.24485495852666672
0.3911759719250001
0.44662334969266665
0.660163893381667
0.49728394981000024
0.5702395596100002
0.3730492007950001
0.6975242530400001
0.56564468777
0.36155507947500015
0.8088748225299999
0.31585715969999995
0.5231568617700001
0.4112553538000001
0.5016952272416667
0.4415308186333333
0.4886612797133333
0.29483912579
0.28314682190250007
0.31655287456666664
0.8651900285733336
0.5792412126100003
0.5707076974733333
0.4044919418449999
0.7388726771999999
0.2929306410800001
0.36366730563833344
0.28158711895533334
0.5844737602300001
0.4819292083999999
0.6306369957400006
0.27783463491500004
0.39478107675
0.08317580394999999
0.5528578840600001
0.7009307691675005
0.16871681353500004
0.4052538948600001
0.26147934048
0.6927082244410001
0.3958016813099999
0.46057123491499996
0.5781815398783332
0.5278307996499998
0.7081737397449998
0.23681936261999995
0.32284773251
0.3151337315503334
0.23944547791999996
0.5018130738600002
0.34753293721
0.6535240357400005
0.4332251833450001
0.24297791693600002
0.44924668207
0.6858512214050002
0.4538453133499999
0.35965025572249987
0.14174915534666663
0.2780416526466667
0.5094736848600002
0.5185272147333572
0.4576795963316666
0.6916108181096665
0.41040306441000013
0.6214736508499997
0.2244385267443332
0.6757098337636118
0.44160596227000015
0.19482349857000003
0.33101125920999996
0.22607947337999998
0.2843741598250001
0.35845217293333337
0.35982292319000014
0.3947297406849999
0.3390419314775
0.19938813186999993
0.3928520925
0.7221431951199999
0.14991104385666668
0.423002507785
0.8239478422100004
0.28280557895
0.26552187927
0.19961520236500005
0.5884836581849999
0.7337283834599997
0.43011112664000023
0.5334494491833334
0.17367894624000002
0.5635844778174998
0.43486097921
0.3428072328999999
0.4012486537366668
0.15261139909666668
0.3040408565766668
0.46603056179083324
0.34118645472249987
0.38151452268
0.7162822812933334
0.30668412837250003
0.21715166808
0.48848943070666684
0.26013030260333336
0.36072608199033324
0.13633093711
0.5928413758200002
0.38231802782666663
0.16829430814000002
0.4508272379433334
0.29250742295000015
0.39226152072
0.3229059505200001
0.028615964409999996
0.5578053541983333
0.14737533446500004
0.5638849450300001
0.18155518689999997
0.43834816977999985
0.31348929068
0.2851113159591667
0.7271383606083337
0.25750651747999975
0.31180312343333333
0.46471530807666656
0.4003183254274999
0.41983143268291684
0.4242948738099999
0.07455768005
0.30535427596000025
0.023797817513333337
0.5836263435170911
0.4357311753816667
0.6573427004600003
0.41949315001500004
0.3499945661225
0.31429399764999993
0.2680552543739999
0.5154111042108336
0.5001474055200003
0.10756354666999995
0.39698277329000026
0.4222068907375
0.45268222476999986
0.47300313907499997
0.40155716684999987
0.24897904290999995
0.24330824325600006
0.11937633001999998
0.38531071614000006
0.8218319537371667
0.20986646043000012
0.54757185475
0.6577007427489997
0.3246110391166666
0.7265479250500003
0.45755959561666665
0.30709021480000004
0.6000886332898335
0.4621990688650003
0.3319047986499999
0.19628327882999996
0.5944035994210003
0.101340550465
0.6300624949645
0.26025451339
0.6791676063316667
0.14513995430049997
0.28849907072166675
0.42185192955000006
0.27177368293599996
0.11000328967000002
0.34077461097000006
0.5157557836850003
0.10352416419999998
0.5305071604223334
0.40075383625500016
0.2825738504284999
0.14457846851000003
0.4811355496994999
0.6609580205173335
0.23241304468833332
0.47149972437000004
0.6084988835148334
0.521511560642
0.21200439717000003
0.16422644892833332
0.3795457960000002
0.21321549689000005
0.5256825807150003
0.34380573844000006
0.47065410138666686
0.30159728263999996
0.49532714516800014
0.2913522928899998
0.15915394021000004
0.3537222168353572
0.32814207285499997
0.21565463098750004
0.5241797967700002
0.4540665107299999
0.4638372355616668
0.41744932608666685
0.3264019115871428
0.5331357547800001
0.05210623557
0.4004461351749999
0.5366876232520003
