 0.251
 0.538
 0.833
 0.705
 0.216
 0.662
 0.941
 0.574
 0.422
 0.107
 0.394
 0.280
 0.543
 0.320
 0.144
 0.008
 0.356
 0.669
 0.909
 0.723
 0.924
 0.794
 0.117
 0.646
 0.792
 0.086
 0.117
 0.244
 0.046
 0.100
 0.605
 0.535
 0.106
 0.621
 0.332
 0.831
 0.065
 0.049
 0.875
 0.932
 0.981
 0.131
 0.164
 0.353
 0.798
 0.734
 0.885
 0.336
 0.928
 0.211
 0.956
 0.352
 0.735
 0.907
 0.737
 0.291
 0.849
 0.229
 0.915
 0.089
 0.877
 0.039
 0.851
 0.931
 0.230
 0.572
 0.489
 0.840
 0.762
 0.169
 0.768
 0.358
 0.816
 0.618
 0.087
 0.248
 0.037
 0.813
 0.075
 0.379
 0.288
 0.471
 0.420
 0.958
 0.822
 0.522
 0.074
 0.934
 0.198
 0.750
 0.646
 0.535
 0.989
 0.058
 0.882
 0.854
 0.212
 0.888
 0.374
 0.770
 0.123
 0.950
 0.670
 0.981
 0.241
 0.189
 0.384
 0.183
 0.406
 0.351
 0.914
 0.002
 0.880
 0.554
 0.094
 0.147
 0.876
 0.357
 0.888
 0.319
 0.079
 1.000
 0.089
 0.851
 0.784
 0.377
 0.525
 0.126
 0.865
 0.537
 0.517
 0.165
 0.547
 0.774
 0.408
 0.050
 0.935
 0.366
 0.521
 0.045
 0.987
 0.782
 0.993
 0.997
 0.799
 0.587
 0.551
 0.631
 0.116
 0.855
 0.269
 0.271
 0.363
 0.243
 0.858
 0.818
 0.616
 0.547
 0.646
 0.932
 0.030
 0.546
 0.976
 0.661
 0.328
 0.227
 0.108
 0.442
 0.419
 0.672
 0.513
 0.790
 0.317
 0.321
 0.169
 0.851
 0.055
 0.442
 0.547
 0.379
 0.791
 0.564
 0.184
 0.457
 0.275
 0.473
 0.939
 0.804
 0.393
 0.022
 0.580
 0.627
 0.279
 0.473
 0.180
 0.509
 0.414
 0.053
 0.081
 0.609
 0.581
 0.160
 0.878
 0.708
 0.817
 0.848
 0.529
 0.608
 0.653
 0.936
 0.413
 0.356
 0.991
 0.535
 0.857
 0.293
 0.292
 0.979
 0.725
 0.530
 0.002
 0.968
 0.856
 0.838
 0.919
 0.263
 0.057
 0.755
 0.097
 0.479
 0.658
 0.467
 0.800
 0.901
 0.344
 0.724
 0.878
 0.008
 0.633
 0.407
 0.319
 0.671
 0.244
 0.329
 0.538
 0.440
 0.979
 0.614
 0.008
 0.541
 0.761
 0.755
 0.550
 0.038
 0.764
 0.209
 0.353
 0.657
 0.103
 0.628
 0.737
 0.949
 0.150
 0.933
 0.530
 0.266
 0.474
 0.322
 0.026
 0.908
 0.691
 0.536
 0.661
 0.380
 0.551
 0.205
 0.137
 0.166
 0.633
 0.790
 0.493
 0.388
 0.919
 0.986
 0.184
 0.882
 0.822
 0.330
 0.676
 0.312
 0.986
 0.483
 0.646
 0.737
 0.006
 0.688
 0.575
 0.739
 0.755
 0.954
 0.212
 0.014
 0.622
 0.050
 0.810
 0.486
 0.893
 0.236
 0.135
 0.596
 0.376
 0.564
 0.899
 0.537
 0.134
 0.465
 0.429
 0.318
 0.510
 0.793
 0.878
 0.470
 0.820
 0.309
 0.838
 0.595
 0.766
 0.452
 0.602
 0.427
 0.091
 0.593
 0.092
 0.071
 0.684
 0.208
 0.778
 0.228
 0.071
 0.549
 0.195
 0.761
 0.999
 0.849
 0.358
 0.680
 0.643
 0.921
 0.202
 0.721
 0.002
 0.589
 0.962
 0.790
 0.312
 0.770
 0.459
 0.753
 0.603
 0.515
 0.185
 0.325
 0.683
 0.443
 0.692
 0.433
 0.592
 0.148
 0.558
 0.014
 0.879
 0.586
 0.263
 0.746
 0.898
 0.567
 0.574
 0.443
 0.839
 0.719
 0.138
 0.043
 0.789
 0.730
 0.899
 0.488
 0.195
 0.157
 0.247
 0.204
 0.380
 0.119
 0.863
 0.477
 0.956
 0.443
 0.341
 0.925
 0.740
 0.466
 0.110
 0.233
 0.082
 0.401
 0.276
 0.139
 0.704
 0.745
 0.137
 0.774
 0.911
 0.651
 0.574
 0.302
 0.589
 0.509
 0.985
 0.485
 0.876
 0.475
 0.345
 0.631
 0.104
 0.845
 0.580
 0.246
 0.281
 0.351
 0.276
 0.126
 0.920
 0.776
 0.094
 0.007
 0.351
 0.732
 0.824
 0.159
 0.042
 0.942
 0.834
 0.009
 0.986
 0.970
 0.982
 0.668
 0.115
 0.959
 0.394
 0.478
 0.464
 0.946
 0.909
 0.941
 0.060
 0.272
 0.796
 0.202
 0.846
 0.556
 0.189
 0.003
 0.670
 0.545
 0.551
 0.563
 0.302
 0.478
 0.892
 0.712
 0.459
 0.453
 0.278
 0.295
 0.129
 0.759
 0.530
 0.225
 0.561
 0.830
 0.133
 0.789
 0.722
 0.128
 0.711
 0.677
 0.148
 0.019
 0.838
 0.607
 0.267
 0.498
 0.340
 0.015
 0.572
 0.771
 0.716
 0.222
 0.615
 0.272
 0.116
 0.025
 0.012
 0.874
 0.269
 0.913
 0.387
 0.063
 0.480
 0.602
 0.970
 0.229
 0.029
 0.959
 0.555
 0.096
 0.210
 0.859
 0.251
 0.080
 0.759
 0.149
 0.977
 0.862
 0.066
 0.800
 0.855
 0.760
 0.057
 0.800
 0.195
 0.017
 0.677
 0.753
 0.442
 0.395
 0.318
 0.490
 0.472
 0.402
 0.722
 0.369
 0.966
 0.486
 0.133
 0.711
 0.848
 0.069
 0.782
 0.392
 0.286
 0.858
 0.842
 0.789
 0.191
 0.376
 1.000
 0.869
 0.932
 0.094
 0.617
 0.667
 0.034
 0.694
 0.749
 0.859
 0.364
 0.666
 0.695
 0.897
 0.858
 0.588
 0.130
 0.380
 0.691
 0.120
 0.549
 0.309
 0.222
 0.339
 0.427
 0.729
 0.496
 0.649
 0.186
 0.413
 0.451
 0.327
 0.821
 0.184
 0.267
 0.467
 0.900
 0.119
 0.318
 0.878
 0.490
 0.641
 0.603
 0.026
 0.103
 0.346
 0.643
 0.663
 0.742
 0.183
 0.872
 0.478
 0.274
 0.720
 0.456
 0.969
 0.179
 0.841
 0.889
 0.434
 0.607
 0.805
 0.674
 0.222
 0.578
 0.207
 0.174
 0.796
 0.784
 0.367
 0.503
 0.349
 0.781
 0.667
 0.302
 0.925
 0.515
 0.841
 0.338
 0.639
 0.001
 0.306
 0.117
 0.592
 0.361
 0.030
 0.708
 0.478
 0.988
 0.539
 0.852
 0.876
 0.805
 0.371
 0.846
 0.434
 0.013
 0.104
 0.349
 0.067
 0.313
 0.729
 0.682
 0.451
 0.779
 0.224
 0.738
 0.037
 0.823
 0.027
 0.093
 0.883
 0.696
 0.239
 0.488
 0.765
 0.447
 0.835
 0.280
 0.663
 0.412
 0.977
 0.983
 0.477
 0.624
 0.276
 0.321
 0.345
 0.739
 0.716
 0.062
 0.111
 0.391
 0.787
 0.249
 0.636
 0.187
 0.989
 0.839
 0.633
 0.057
 0.420
 0.715
 0.072
 0.895
 0.969
 0.060
 0.532
 0.068
 0.927
 0.771
 0.724
 0.603
 0.143
 0.784
 0.814
 0.276
 0.833
 0.103
 0.435
 0.906
 0.489
 0.308
 0.455
 0.932
 0.130
 0.419
 0.381
 0.682
 0.462
 0.084
 0.339
 0.638
 0.757
 0.371
 0.339
 0.201
 0.423
 0.509
 0.158
 0.475
 0.679
 0.183
 0.675
 0.067
 0.936
 0.908
 0.004
 0.112
 0.706
 0.360
 0.563
 0.143
 0.102
 0.686
 0.331
 0.099
 0.296
 0.630
 0.857
 0.039
 0.499
 0.055
 0.346
 0.109
 0.155
 0.860
 0.713
 0.394
 0.701
 0.528
 0.674
 0.344
 0.830
 0.846
 0.607
 0.876
 0.889
 0.094
 0.089
 0.289
 0.890
 0.906
 0.150
 0.972
 0.050
 0.034
 0.085
 0.565
 0.372
 0.688
 0.992
 0.333
 0.740
 0.815
 0.118
 0.559
 0.412
 0.689
 0.956
 0.758
 0.296
 0.629
 0.676
 0.983
 0.064
 0.237
 0.422
 0.602
 0.871
 0.610
 0.337
 0.684
 0.778
 0.612
 0.515
 0.827
 0.407
 0.085
 0.919
